length diameter height whole_weight shucked_weight viscera_weight shell_weight rings
40.46681 -36.224 -0.0002293301 0 -1.481935 -0.8167061 0 0
-36.224 42.0208 -1.145507 0 0 0 -0.8429545 -0.295992
-0.0002293301 -1.145507 3.59838 0 0 -0.03558734 -0.5911617 -0.25051
0 0 0 113.3728 -29.23359 -13.77973 -13.50636 0
-1.481935 0 0 -29.23359 26.23577 0 1.261939 0.7636832
-0.8167061 0 -0.03558734 -13.77973 0 15.24599 0 0
0 -0.8429545 -0.5911617 -13.50636 1.261939 0 15.4795 -1.333496
0 -0.295992 -0.25051 0 0.7636832 0 -1.333496 1.924909
