length diameter height whole_weight shucked_weight viscera_weight shell_weight rings
40.46964 -36.27674 -0.0002523589 0 -1.459018 -0.8753042 0 0
-36.27674 42.02307 -1.161382 0 0 0 -0.853897 -0.289807
-0.0002523589 -1.161382 3.598448 0 0 -0.02946049 -0.5918181 -0.2495471
0 0 0 113.4033 -28.99699 -13.73058 -13.01933 0
-1.459018 0 0 -28.99699 26.11773 0 0.9835949 0.7553354
-0.8753042 0 -0.02946049 -13.73058 0 15.2474 0 0
0 -0.853897 -0.5918181 -13.01933 0.9835949 0 15.27854 -1.330912
0 -0.289807 -0.2495471 0 0.7553354 0 -1.330912 1.922857
